------------------------------------------------------------
 Electron Density
------------------------------------------------------------
Distance (nm), Carrier Density (/cm3)
              -3.318,                    0
              -2.171,                    0
               -2.02,                    0
                  -2,                    0
               -1.99,                    0
              -1.975,                    0
              -1.954,                    0
              -1.922,                    0
              -1.874,                    0
              -1.805,                    0
              -1.702,                    0
              -1.551,                    0
              -1.328,                    0
                  -1,                    0
             -0.6717,                    0
             -0.4489,                    0
             -0.2978,                    0
             -0.1952,                    0
             -0.1257,                    0
            -0.07849,                    0
            -0.04646,                    0
            -0.02474,                    0
               -0.01,                    0
          -5.759e-16,                    0
                0.02,                    0
             0.03994,                    0
             0.05983,                    0
             0.07967,                    0
             0.09945,                    0
              0.1192,                    0
              0.1388,                    0
              0.1585,                    0
               0.178,                    0
              0.1975,                    0
               0.217,                    0
              0.2364,                    0
              0.2557,                    0
               0.275,                    0
              0.2942,                    0
              0.3134,                    0
              0.3326,                    0
              0.3516,                    0
              0.3707,                    0
              0.3896,                    0
              0.4085,                    0
              0.4274,                    0
              0.4462,                    0
               0.465,                    0
              0.4837,                    0
              0.5023,                    0
               0.521,                    0
              0.5395,                    0
               0.558,                    0
              0.5765,                    0
              0.5949,                    0
              0.6132,                    0
              0.6315,                    0
              0.6498,                    0
               0.668,                    0
              0.6861,                    0
              0.7042,                    0
              0.7222,                    0
              0.7402,                    0
              0.7582,                    0
              0.7761,                    0
              0.7939,                    0
              0.8117,                    0
              0.8295,                    0
              0.8472,                    0
              0.8648,                    0
              0.8824,                    0
                 0.9,                    0
              0.9175,                    0
              0.9349,                    0
              0.9523,                    0
              0.9697,                    0
               0.987,                    0
               1.004,                    0
               1.021,                    0
               1.039,                    0
               1.056,                    0
               1.073,                    0
                1.09,                    0
               1.107,                    0
               1.124,                    0
               1.141,                    0
               1.157,                    0
               1.174,                    0
               1.191,                    0
               1.208,                    0
               1.224,                    0
               1.241,                    0
               1.257,                    0
               1.274,                    0
                1.29,                    0
               1.307,                    0
               1.323,                    0
                1.34,                    0
               1.356,                    0
               1.372,                    0
               1.388,                    0
               1.404,                    0
               1.421,                    0
               1.437,                    0
               1.453,                    0
               1.469,                    0
               1.484,                    0
                 1.5,                    0
               1.516,                    0
               1.532,                    0
               1.548,                    0
               1.563,                    0
               1.579,                    0
               1.595,                    0
                1.61,                    0
               1.626,                    0
               1.641,                    0
               1.657,                    0
               1.672,                    0
               1.687,                    0
               1.703,                    0
               1.718,                    0
               1.733,                    0
               1.748,                    0
               1.764,                    0
               1.779,                    0
               1.794,                    0
               1.809,                    0
               1.824,                    0
               1.839,                    0
               1.854,                    0
               1.868,                    0
               1.883,                    0
               1.898,                    0
               1.913,                    0
               1.927,                    0
               1.942,                    0
               1.957,                    0
               1.971,                    0
               1.986,                    0
                   2,                    0
               2.015,                    0
               2.029,                    0
               2.044,                    0
               2.058,                    0
               2.072,                    0
               2.086,                    0
               2.101,                    0
               2.115,                    0
               2.129,                    0
               2.143,                    0
               2.157,                    0
               2.171,                    0
               2.185,                    0
               2.199,                    0
               2.213,                    0
               2.227,                    0
               2.241,                    0
               2.254,                    0
               2.268,                    0
               2.282,                    0
               2.295,                    0
               2.309,                    0
               2.323,                    0
               2.336,                    0
                2.35,                    0
               2.363,                    0
               2.377,                    0
                2.39,                    0
               2.403,                    0
               2.417,                    0
                2.43,                    0
               2.443,                    0
               2.457,                    0
                2.47,                    0
               2.483,                    0
               2.496,                    0
               2.509,                    0
               2.522,                    0
               2.535,                    0
               2.548,                    0
               2.561,                    0
               2.574,                    0
               2.587,                    0
               2.599,                    0
               2.612,                    0
               2.625,                    0
               2.638,                    0
                2.65,                    0
               2.663,                    0
               2.676,                    0
               2.688,                    0
               2.701,                    0
               2.713,                    0
               2.726,                    0
               2.738,                    0
               2.751,                    0
               2.763,                    0
               2.775,                    0
               2.788,                    0
                 2.8,                    0
               2.812,                    0
               2.824,                    0
               2.836,                    0
               2.849,                    0
               2.861,                    0
               2.873,                    0
               2.885,                    0
               2.897,                    0
               2.909,                    0
               2.921,                    0
               2.932,                    0
               2.944,                    0
               2.956,                    0
               2.968,                    0
                2.98,                    0
               2.991,                    0
               3.003,                    0
               3.015,                    0
               3.026,                    0
               3.038,                    0
                3.05,                    0
               3.061,                    0
               3.073,                    0
               3.084,                    0
               3.096,                    0
               3.107,                    0
               3.118,                    0
                3.13,                    0
               3.141,                    0
               3.152,                    0
               3.163,                    0
               3.175,                    0
               3.186,                    0
               3.197,                    0
               3.208,                    0
               3.219,                    0
                3.23,                    0
               3.241,                    0
               3.252,                    0
               3.263,                    0
               3.274,                    0
               3.285,                    0
               3.296,                    0
               3.307,                    0
               3.318,                    0
               3.329,                    0
               3.339,                    0
                3.35,                    0
               3.361,                    0
               3.371,                    0
               3.382,                    0
               3.393,                    0
               3.403,                    0
               3.414,                    0
               3.424,                    0
               3.435,                    0
               3.445,                    0
               3.456,                    0
               3.466,                    0
               3.476,                    0
               3.487,                    0
               3.497,                    0
               3.507,                    0
               3.518,                    0
               3.528,                    0
               3.538,                    0
               3.548,                    0
               3.558,                    0
               3.569,                    0
               3.579,                    0
               3.589,                    0
               3.599,                    0
               3.609,                    0
               3.619,                    0
               3.629,                    0
               3.639,                    0
               3.649,                    0
               3.658,                    0
               3.668,                    0
               3.678,                    0
               3.688,                    0
               3.698,                    0
               3.707,                    0
               3.717,                    0
               3.727,                    0
               3.736,                    0
               3.746,                    0
               3.756,                    0
               3.765,                    0
               3.775,                    0
               3.784,                    0
               3.794,                    0
               3.803,                    0
               3.813,                    0
               3.822,                    0
               3.831,                    0
               3.841,                    0
                3.85,                    0
                3.86,                    0
               3.869,                    0
               3.878,                    0
               3.887,                    0
               3.896,                    0
               3.906,                    0
               3.915,                    0
               3.924,                    0
               3.933,                    0
               3.942,                    0
               3.951,                    0
                3.96,                    0
               3.969,                    0
               3.978,                    0
               3.987,                    0
               3.996,                    0
               4.005,                    0
               4.014,                    0
               4.023,                    0
               4.032,                    0
                4.04,                    0
               4.049,                    0
               4.058,                    0
               4.067,                    0
               4.075,                    0
               4.084,                    0
               4.093,                    0
               4.101,                    0
                4.11,                    0
               4.119,                    0
               4.127,                    0
               4.136,                    0
               4.144,                    0
               4.153,                    0
               4.161,                    0
                4.17,                    0
               4.178,                    0
               4.186,                    0
               4.195,                    0
               4.203,                    0
               4.212,                    0
                4.22,                    0
               4.228,                    0
               4.236,                    0
               4.245,                    0
               4.253,                    0
               4.261,                    0
               4.269,                    0
               4.277,                    0
               4.285,                    0
               4.294,                    0
               4.302,                    0
                4.31,                    0
               4.318,                    0
               4.326,                    0
               4.334,                    0
               4.342,                    0
                4.35,                    0
               4.358,                    0
               4.365,                    0
               4.373,                    0
               4.381,                    0
               4.389,                    0
               4.397,                    0
               4.405,                    0
               4.412,                    0
                4.42,                    0
               4.428,                    0
               4.436,                    0
               4.443,                    0
               4.451,                    0
               4.459,                    0
               4.466,                    0
               4.474,                    0
               4.481,                    0
               4.489,                    0
               4.497,                    0
               4.504,                    0
               4.512,                    0
               4.519,                    0
               4.526,                    0
               4.534,                    0
               4.541,                    0
               4.549,                    0
               4.556,                    0
               4.563,                    0
               4.571,                    0
               4.578,                    0
               4.585,                    0
               4.593,                    0
                 4.6,                    0
               4.607,                    0
               4.614,                    0
               4.622,                    0
               4.629,                    0
               4.636,                    0
               4.643,                    0
                4.65,                    0
               4.657,                    0
               4.664,                    0
               4.671,                    0
               4.678,                    0
               4.685,                    0
               4.692,                    0
               4.699,                    0
               4.706,                    0
               4.713,                    0
                4.72,                    0
               4.727,                    0
               4.734,                    0
               4.741,                    0
               4.748,                    0
               4.754,                    0
               4.761,                    0
               4.768,                    0
               4.775,                    0
               4.781,                    0
               4.788,                    0
               4.795,                    0
               4.802,                    0
               4.808,                    0
               4.815,                    0
               4.822,                    0
               4.828,                    0
               4.835,                    0
               4.841,                    0
               4.848,                    0
               4.854,                    0
               4.861,                    0
               4.867,                    0
               4.874,                    0
                4.88,                    0
               4.887,                    0
               4.893,                    0
                 4.9,                    0
               4.906,                    0
               4.913,                    0
               4.919,                    0
               4.925,                    0
               4.932,                    0
               4.938,                    0
               4.944,                    0
                4.95,                    0
               4.957,                    0
               4.963,                    0
               4.969,                    0
               4.975,                    0
               4.982,                    0
               4.988,                    0
               4.994,                    0
                   5,                    0
               5.006,                    0
               5.012,                    0
               5.018,                    0
               5.025,                    0
               5.031,                    0
               5.037,                    0
               5.043,                    0
                5.05,                    0
               5.056,                    0
               5.062,                    0
               5.068,                    0
               5.075,                    0
               5.081,                    0
               5.087,                    0
               5.094,                    0
                 5.1,                    0
               5.107,                    0
               5.113,                    0
                5.12,                    0
               5.126,                    0
               5.133,                    0
               5.139,                    0
               5.146,                    0
               5.152,                    0
               5.159,                    0
               5.165,                    0
               5.172,                    0
               5.178,                    0
               5.185,                    0
               5.192,                    0
               5.198,                    0
               5.205,                    0
               5.212,                    0
               5.219,                    0
               5.225,                    0
               5.232,                    0
               5.239,                    0
               5.246,                    0
               5.252,                    0
               5.259,                    0
               5.266,                    0
               5.273,                    0
                5.28,                    0
               5.287,                    0
               5.294,                    0
               5.301,                    0
               5.308,                    0
               5.315,                    0
               5.322,                    0
               5.329,                    0
               5.336,                    0
               5.343,                    0
                5.35,                    0
               5.357,                    0
               5.364,                    0
               5.371,                    0
               5.378,                    0
               5.386,                    0
               5.393,                    0
                 5.4,                    0
               5.407,                    0
               5.415,                    0
               5.422,                    0
               5.429,                    0
               5.437,                    0
               5.444,                    0
               5.451,                    0
               5.459,                    0
               5.466,                    0
               5.474,                    0
               5.481,                    0
               5.488,                    0
               5.496,                    0
               5.503,                    0
               5.511,                    0
               5.519,                    0
               5.526,                    0
               5.534,                    0
               5.541,                    0
               5.549,                    0
               5.557,                    0
               5.564,                    0
               5.572,                    0
                5.58,                    0
               5.588,                    0
               5.595,                    0
               5.603,                    0
               5.611,                    0
               5.619,                    0
               5.627,                    0
               5.635,                    0
               5.642,                    0
                5.65,                    0
               5.658,                    0
               5.666,                    0
               5.674,                    0
               5.682,                    0
                5.69,                    0
               5.698,                    0
               5.706,                    0
               5.715,                    0
               5.723,                    0
               5.731,                    0
               5.739,                    0
               5.747,                    0
               5.755,                    0
               5.764,                    0
               5.772,                    0
                5.78,                    0
               5.788,                    0
               5.797,                    0
               5.805,                    0
               5.814,                    0
               5.822,                    0
                5.83,                    0
               5.839,                    0
               5.847,                    0
               5.856,                    0
               5.864,                    0
               5.873,                    0
               5.881,                    0
                5.89,                    0
               5.899,                    0
               5.907,                    0
               5.916,                    0
               5.925,                    0
               5.933,                    0
               5.942,                    0
               5.951,                    0
                5.96,                    0
               5.968,                    0
               5.977,                    0
               5.986,                    0
               5.995,                    0
               6.004,                    0
               6.013,                    0
               6.022,                    0
               6.031,                    0
                6.04,                    0
               6.049,                    0
               6.058,                    0
               6.067,                    0
               6.076,                    0
               6.085,                    0
               6.094,                    0
               6.104,                    0
               6.113,                    0
               6.122,                    0
               6.131,                    0
                6.14,                    0
                6.15,                    0
               6.159,                    0
               6.169,                    0
               6.178,                    0
               6.187,                    0
               6.197,                    0
               6.206,                    0
               6.216,                    0
               6.225,                    0
               6.235,                    0
               6.244,                    0
               6.254,                    0
               6.264,                    0
               6.273,                    0
               6.283,                    0
               6.293,                    0
               6.302,                    0
               6.312,                    0
               6.322,                    0
               6.332,                    0
               6.342,                    0
               6.351,                    0
               6.361,                    0
               6.371,                    0
               6.381,                    0
               6.391,                    0
               6.401,                    0
               6.411,                    0
               6.421,                    0
               6.431,                    0
               6.442,                    0
               6.452,                    0
               6.462,                    0
               6.472,                    0
               6.482,                    0
               6.493,                    0
               6.503,                    0
               6.513,                    0
               6.524,                    0
               6.534,                    0
               6.544,                    0
               6.555,                    0
               6.565,                    0
               6.576,                    0
               6.586,                    0
               6.597,                    0
               6.607,                    0
               6.618,                    0
               6.629,                    0
               6.639,                    0
                6.65,                    0
               6.661,                    0
               6.671,                    0
               6.682,                    0
               6.693,                    0
               6.704,                    0
               6.715,                    0
               6.726,                    0
               6.737,                    0
               6.748,                    0
               6.759,                    0
                6.77,                    0
               6.781,                    0
               6.792,                    0
               6.803,                    0
               6.814,                    0
               6.825,                    0
               6.837,                    0
               6.848,                    0
               6.859,                    0
                6.87,                    0
               6.882,                    0
               6.893,                    0
               6.904,                    0
               6.916,                    0
               6.927,                    0
               6.939,                    0
                6.95,                    0
               6.962,                    0
               6.974,                    0
               6.985,                    0
               6.997,                    0
               7.009,                    0
                7.02,                    0
               7.032,                    0
               7.044,                    0
               7.056,                    0
               7.068,                    0
               7.079,                    0
               7.091,                    0
               7.103,                    0
               7.115,                    0
               7.127,                    0
               7.139,                    0
               7.151,                    0
               7.164,                    0
               7.176,                    0
               7.188,                    0
                 7.2,                    0
               7.212,                    0
               7.225,                    0
               7.237,                    0
               7.249,                    0
               7.262,                    0
               7.274,                    0
               7.287,                    0
               7.299,                    0
               7.312,                    0
               7.324,                    0
               7.337,                    0
                7.35,                    0
               7.362,                    0
               7.375,                    0
               7.388,                    0
               7.401,                    0
               7.413,                    0
               7.426,                    0
               7.439,                    0
               7.452,                    0
               7.465,                    0
               7.478,                    0
               7.491,                    0
               7.504,                    0
               7.517,                    0
                7.53,                    0
               7.543,                    0
               7.557,                    0
                7.57,                    0
               7.583,                    0
               7.597,                    0
                7.61,                    0
               7.623,                    0
               7.637,                    0
                7.65,                    0
               7.664,                    0
               7.677,                    0
               7.691,                    0
               7.705,                    0
               7.718,                    0
               7.732,                    0
               7.746,                    0
               7.759,                    0
               7.773,                    0
               7.787,                    0
               7.801,                    0
               7.815,                    0
               7.829,                    0
               7.843,                    0
               7.857,                    0
               7.871,                    0
               7.885,                    0
               7.899,                    0
               7.914,                    0
               7.928,                    0
               7.942,                    0
               7.956,                    0
               7.971,                    0
               7.985,                    0
                   8,                    0
               8.014,                    0
               8.029,                    0
               8.043,                    0
               8.058,                    0
               8.073,                    0
               8.087,                    0
               8.102,                    0
               8.117,                    0
               8.132,                    0
               8.146,                    0
               8.161,                    0
               8.176,                    0
               8.191,                    0
               8.206,                    0
               8.221,                    0
               8.236,                    0
               8.252,                    0
               8.267,                    0
               8.282,                    0
               8.297,                    0
               8.313,                    0
               8.328,                    0
               8.343,                    0
               8.359,                    0
               8.374,                    0
                8.39,                    0
               8.405,                    0
               8.421,                    0
               8.437,                    0
               8.452,                    0
               8.468,                    0
               8.484,                    0
                 8.5,                    0
               8.516,                    0
               8.531,                    0
               8.547,                    0
               8.563,                    0
               8.579,                    0
               8.596,                    0
               8.612,                    0
               8.628,                    0
               8.644,                    0
                8.66,                    0
               8.677,                    0
               8.693,                    0
                8.71,                    0
               8.726,                    0
               8.743,                    0
               8.759,                    0
               8.776,                    0
               8.792,                    0
               8.809,                    0
               8.826,                    0
               8.843,                    0
               8.859,                    0
               8.876,                    0
               8.893,                    0
                8.91,                    0
               8.927,                    0
               8.944,                    0
               8.961,                    0
               8.979,                    0
               8.996,                    0
               9.013,                    0
                9.03,                    0
               9.048,                    0
               9.065,                    0
               9.083,                    0
                 9.1,                    0
               9.118,                    0
               9.135,                    0
               9.153,                    0
               9.171,                    0
               9.188,                    0
               9.206,                    0
               9.224,                    0
               9.242,                    0
                9.26,                    0
               9.278,                    0
               9.296,                    0
               9.314,                    0
               9.332,                    0
                9.35,                    0
               9.368,                    0
               9.387,                    0
               9.405,                    0
               9.424,                    0
               9.442,                    0
                9.46,                    0
               9.479,                    0
               9.498,                    0
               9.516,                    0
               9.535,                    0
               9.554,                    0
               9.573,                    0
               9.591,                    0
                9.61,                    0
               9.629,                    0
               9.648,                    0
               9.667,                    0
               9.687,                    0
               9.706,                    0
               9.725,                    0
               9.744,                    0
               9.764,                    0
               9.783,                    0
               9.802,                    0
               9.822,                    0
               9.842,                    0
               9.861,                    0
               9.881,                    0
               9.901,                    0
                9.92,                    0
                9.94,                    0
                9.96,                    0
                9.98,                    0
                  10,                    0
               10.01,                    0
               10.02,                    0
               10.05,                    0
               10.08,                    0
               10.13,                    0
                10.2,                    0
                10.3,                    0
               10.45,                    0
               10.67,                    0
                  11,                    0
               11.33,                    0
               11.55,                    0
                11.7,                    0
                11.8,                    0
               11.87,                    0
               11.92,                    0
               11.95,                    0
               11.98,                    0
               11.99,                    0
                  12,                    0
               12.02,                    0
               12.17,                    0
               13.32,                    0

------------------------------------------------------------
 Hole Density
------------------------------------------------------------
Distance (nm), Carrier Density (/cm3)
              -3.318,                    0
              -2.171,                    0
               -2.02,                    0
                  -2,                    0
               -1.99,                    0
              -1.975,                    0
              -1.954,                    0
              -1.922,                    0
              -1.874,                    0
              -1.805,                    0
              -1.702,                    0
              -1.551,                    0
              -1.328,                    0
                  -1,                    0
             -0.6717,                    0
             -0.4489,                    0
             -0.2978,                    0
             -0.1952,                    0
             -0.1257,                    0
            -0.07849,                    0
            -0.04646,                    0
            -0.02474,                    0
               -0.01,                    0
          -5.759e-16,                    0
                0.02,    5.69915289332e+16
             0.03994,    1.13824842019e+17
             0.05983,    2.25790655982e+17
             0.07967,     3.9382679503e+17
             0.09945,    5.61396444047e+17
              0.1192,    8.32049788734e+17
              0.1388,    1.10493420416e+18
              0.1585,    1.41977520806e+18
               0.178,    1.78997508643e+18
              0.1975,     2.1591472421e+18
               0.217,     2.6052749356e+18
              0.2364,    3.06152798382e+18
              0.2557,    3.53964653245e+18
               0.275,    4.07147575252e+18
              0.2942,    4.60182854597e+18
              0.3134,    5.17684160214e+18
              0.3326,    5.77000082501e+18
              0.3516,    6.36604329836e+18
              0.3707,    7.00879798549e+18
              0.3896,    7.64976830256e+18
              0.4085,    8.30688919232e+18
              0.4274,    8.98390230653e+18
              0.4462,    9.65903594486e+18
               0.465,    1.03534692103e+19
              0.4837,    1.10512987264e+19
              0.5023,    1.17489305648e+19
               0.521,    1.24566658255e+19
              0.5395,    1.31624363216e+19
               0.558,    1.38670147819e+19
              0.5765,    1.45706392685e+19
              0.5949,    1.52723104025e+19
              0.6132,    1.59653267673e+19
              0.6315,    1.66538176992e+19
              0.6498,    1.73403972913e+19
               0.668,    1.80060479111e+19
              0.6861,    1.86695913678e+19
              0.7042,    1.93247846169e+19
              0.7222,    1.99566330878e+19
              0.7402,    2.05867274657e+19
              0.7582,    2.11988753802e+19
              0.7761,    2.17900286432e+19
              0.7939,    2.23795407883e+19
              0.8117,     2.2939988107e+19
              0.8295,     2.3484676981e+19
              0.8472,    2.40278537283e+19
              0.8648,    2.45305273262e+19
              0.8824,    2.50243398254e+19
                 0.9,    2.55167814373e+19
              0.9175,    2.59579566189e+19
              0.9349,    2.63977795087e+19
              0.9523,    2.68293963008e+19
              0.9697,    2.72143990146e+19
               0.987,    2.75983329112e+19
               1.004,    2.79679919556e+19
               1.021,    2.82961605703e+19
               1.039,    2.86234181466e+19
               1.056,    2.89316675925e+19
               1.073,     2.9203211395e+19
                1.09,    2.94740013569e+19
               1.107,    2.97226422406e+19
               1.124,     2.9938645026e+19
               1.141,    3.01540481597e+19
               1.157,    3.03458479179e+19
               1.174,    3.05081404576e+19
               1.191,    3.06699824522e+19
               1.208,    3.08084111879e+19
               1.224,    3.09194444655e+19
               1.241,    3.10301695004e+19
               1.257,    3.11191649646e+19
               1.274,    3.11818874607e+19
                1.29,     3.1244435831e+19
               1.307,     3.1288200498e+19
               1.323,    3.13059421069e+19
                1.34,    3.13236344629e+19
               1.356,    3.13264659082e+19
               1.372,    3.13028304127e+19
               1.388,    3.12792605324e+19
               1.404,     3.1245414601e+19
               1.421,    3.11841820277e+19
               1.437,     3.1123119444e+19
               1.453,    3.10567043912e+19
               1.469,    3.09617440474e+19
               1.484,    3.08670473257e+19
                 1.5,    3.07719462033e+19
               1.516,    3.06471407395e+19
               1.532,    3.05226817517e+19
               1.548,    3.03985682781e+19
               1.563,    3.02516792829e+19
               1.579,    3.01012773646e+19
               1.595,    2.99512929813e+19
                1.61,    2.97861983504e+19
               1.626,    2.96135670849e+19
               1.641,    2.94414150661e+19
               1.657,    2.92609580629e+19
               1.672,    2.90696615011e+19
               1.687,    2.88788960033e+19
               1.703,    2.86855623377e+19
               1.718,     2.8478980416e+19
               1.733,    2.82729719925e+19
               1.748,     2.8067535475e+19
               1.764,    2.78502117541e+19
               1.779,    2.76321208321e+19
               1.794,    2.74146353587e+19
               1.809,    2.71912933787e+19
               1.824,    2.69640514903e+19
               1.839,    2.67374404548e+19
               1.854,    2.65094145282e+19
               1.868,     2.6275713918e+19
               1.883,    2.60426620908e+19
               1.898,    2.58102572457e+19
               1.913,    2.55733219286e+19
               1.927,    2.53362691778e+19
               1.942,    2.50998745161e+19
               1.957,    2.48623854189e+19
               1.971,     2.4623525528e+19
               1.986,     2.4385328743e+19
                   2,    2.41477503978e+19
               2.015,    2.39090356492e+19
               2.029,    2.36709836036e+19
               2.044,    2.34335924212e+19
               2.058,    2.31967934539e+19
               2.072,    2.29605974154e+19
               2.086,    2.27250570876e+19
               2.101,    2.24902316485e+19
               2.115,    2.22573783111e+19
               2.129,    2.20251714046e+19
               2.143,    2.17936091346e+19
               2.157,    2.15640375892e+19
               2.171,    2.13364328682e+19
               2.185,    2.11094600073e+19
               2.199,    2.08831172523e+19
               2.213,    2.06609069276e+19
               2.227,    2.04395896227e+19
               2.241,    2.02188867233e+19
               2.254,    2.00002776423e+19
               2.268,    1.97854959861e+19
               2.282,    1.95713105915e+19
               2.295,    1.93577198032e+19
               2.309,    1.91483570295e+19
               2.323,    1.89413963943e+19
               2.336,    1.87350103086e+19
                2.35,    1.85291971774e+19
               2.363,    1.83298902998e+19
               2.377,     1.8131259069e+19
                2.39,    1.79331792641e+19
               2.403,    1.77373163074e+19
               2.417,    1.75468492017e+19
                2.43,    1.73569108574e+19
               2.443,    1.71674998064e+19
               2.457,    1.69819910361e+19
                2.47,    1.68004767034e+19
               2.483,    1.66194662779e+19
               2.496,    1.64389583608e+19
               2.509,    1.62638330793e+19
               2.522,    1.60913937574e+19
               2.535,    1.59194331493e+19
               2.548,     1.5747949926e+19
               2.561,    1.55830375441e+19
               2.574,    1.54196965901e+19
               2.587,    1.52568090917e+19
               2.599,      1.509437379e+19
               2.612,    1.49393500733e+19
               2.625,    1.47850456722e+19
               2.638,      1.463116964e+19
                2.65,    1.44779551065e+19
               2.663,    1.43321482428e+19
               2.676,    1.41867461578e+19
               2.688,    1.40417477277e+19
               2.701,    1.38975896222e+19
               2.713,    1.37605144991e+19
               2.726,    1.36238199143e+19
               2.738,    1.34875048113e+19
               2.751,    1.33518896136e+19
               2.763,    1.32233009955e+19
               2.775,    1.30950693559e+19
               2.788,     1.2967193704e+19
                 2.8,    1.28396730514e+19
               2.812,    1.27191863588e+19
               2.824,     1.2599133178e+19
               2.836,    1.24794132803e+19
               2.849,    1.23600257405e+19
               2.861,     1.2246724755e+19
               2.873,    1.21345344263e+19
               2.885,    1.20226555523e+19
               2.897,    1.19110872686e+19
               2.909,    1.18043879051e+19
               2.921,    1.16997216534e+19
               2.932,    1.15953459688e+19
               2.944,    1.14912600446e+19
               2.956,    1.13906008002e+19
               2.968,    1.12931037032e+19
                2.98,    1.11958772707e+19
               2.991,    1.10989207514e+19
               3.003,    1.10037713956e+19
               3.015,    1.09130785516e+19
               3.026,    1.08226374826e+19
               3.038,    1.07324474898e+19
                3.05,     1.0642507876e+19
               3.061,    1.05580568432e+19
               3.073,    1.04740326389e+19
               3.084,    1.03902416966e+19
               3.096,    1.03066833688e+19
               3.107,    1.02264806499e+19
               3.118,     1.0148504727e+19
                3.13,    1.00707452754e+19
               3.141,    9.99320169402e+18
               3.152,    9.91683799369e+18
               3.163,    9.84454571188e+18
               3.175,    9.77245412279e+18
               3.186,    9.70056266926e+18
               3.197,    9.62887079569e+18
               3.208,    9.56070808532e+18
               3.219,    9.49392787691e+18
                3.23,    9.42733305898e+18
               3.241,    9.36092311687e+18
               3.252,    9.29561210555e+18
               3.263,    9.23379666974e+18
               3.274,    9.17215284156e+18
               3.285,    9.11068014461e+18
               3.296,    9.04937810381e+18
               3.307,    8.99076537807e+18
               3.318,    8.93373890127e+18
               3.329,    8.87687073733e+18
               3.339,    8.82016044677e+18
                3.35,    8.76361569721e+18
               3.361,    8.71088668927e+18
               3.371,    8.65830406386e+18
               3.382,    8.60586741461e+18
               3.393,    8.55357633627e+18
               3.403,    8.50247017302e+18
               3.414,    8.45386903224e+18
               3.424,    8.40540281449e+18
               3.435,    8.35707114523e+18
               3.445,    8.30887365093e+18
               3.456,     8.2625324895e+18
               3.466,    8.21774937099e+18
               3.476,     8.1730905762e+18
               3.487,       8.12855576e+18
               3.497,     8.0841445782e+18
               3.507,    8.04196560064e+18
               3.518,    8.00070956422e+18
               3.528,    7.95956805989e+18
               3.538,    7.91854076969e+18
               3.548,    7.87762737655e+18
               3.558,    7.83907528939e+18
               3.569,    7.80107441182e+18
               3.579,    7.76317902959e+18
               3.589,    7.72538884985e+18
               3.599,    7.68770358052e+18
               3.609,    7.65230641342e+18
               3.619,    7.61730765984e+18
               3.629,    7.58240606733e+18
               3.639,    7.54760136615e+18
               3.649,    7.51289328731e+18
               3.658,    7.48023752176e+18
               3.668,    7.44800641446e+18
               3.678,    7.41586478489e+18
               3.688,    7.38381238463e+18
               3.698,    7.35184896597e+18
               3.707,    7.32157424338e+18
               3.717,     7.2918943626e+18
               3.727,    7.26229687701e+18
               3.736,    7.23278155785e+18
               3.746,    7.20334817704e+18
               3.756,    7.17514179815e+18
               3.765,    7.14781414653e+18
               3.775,       7.12056236e+18
               3.784,    7.09338622795e+18
               3.794,    7.06628554035e+18
               3.803,    7.03987693284e+18
               3.813,    7.01471919198e+18
               3.822,    6.98963129226e+18
               3.831,    6.96461303979e+18
               3.841,    6.93966424122e+18
                3.85,    6.91481954013e+18
                3.86,    6.89166524475e+18
               3.869,    6.86857522869e+18
               3.878,    6.84554931349e+18
               3.887,    6.82258732121e+18
               3.896,    6.79968907439e+18
               3.906,    6.77780181377e+18
               3.915,    6.75655857833e+18
               3.924,    6.73537431685e+18
               3.933,    6.71424886561e+18
               3.942,    6.69318206136e+18
               3.951,    6.67236365732e+18
                3.96,    6.65283010071e+18
               3.969,    6.63335077178e+18
               3.978,    6.61392551998e+18
               3.987,    6.59455419519e+18
               3.996,    6.57523664771e+18
               4.005,    6.55671473395e+18
               4.014,     6.5388166132e+18
               4.023,    6.52096817994e+18
               4.032,    6.50316929625e+18
                4.04,    6.48541982455e+18
               4.049,    6.46771962768e+18
               4.058,    6.45117710583e+18
               4.067,    6.43479413696e+18
               4.075,    6.41845664934e+18
               4.084,    6.40216451669e+18
               4.093,    6.38591761311e+18
               4.101,    6.36989747869e+18
                4.11,    6.35487968824e+18
               4.119,    6.33990358912e+18
               4.127,    6.32496906558e+18
               4.136,    6.31007600221e+18
               4.144,    6.29522428391e+18
               4.153,    6.28075325704e+18
               4.161,    6.26704865723e+18
                4.17,    6.25338210316e+18
               4.178,    6.23975348921e+18
               4.186,    6.22616271006e+18
               4.195,    6.21260966066e+18
               4.203,    6.19947534573e+18
               4.212,    6.18699631831e+18
                4.22,    6.17455193428e+18
               4.228,    6.16214209746e+18
               4.236,    6.14976671196e+18
               4.245,    6.13742568212e+18
               4.253,    6.12544281478e+18
               4.261,    6.11411075202e+18
               4.269,    6.10281014853e+18
               4.277,    6.09154091697e+18
               4.285,    6.08030297025e+18
               4.294,    6.06909622153e+18
               4.302,    6.05810189997e+18
                4.31,    6.04784629175e+18
               4.318,    6.03761915443e+18
               4.326,    6.02742040896e+18
               4.334,    6.01724997653e+18
               4.342,    6.00710777853e+18
                4.35,    5.99699373658e+18
               4.358,    5.98771487373e+18
               4.365,    5.97849810904e+18
               4.373,    5.96930693129e+18
               4.381,    5.96014126943e+18
               4.389,    5.95100105263e+18
               4.397,    5.94188621026e+18
               4.405,    5.93327824729e+18
               4.412,    5.92501518168e+18
                4.42,    5.91677505542e+18
               4.428,     5.9085578048e+18
               4.436,    5.90036336634e+18
               4.443,    5.89219167669e+18
               4.451,    5.88414101396e+18
               4.459,    5.87678067097e+18
               4.466,    5.86944076125e+18
               4.474,    5.86212122807e+18
               4.481,    5.85482201486e+18
               4.489,    5.84754306521e+18
               4.497,    5.84028432286e+18
               4.504,    5.83344097452e+18
               4.512,      5.826955449e+18
               4.519,    5.82048792814e+18
               4.526,    5.81403836195e+18
               4.534,    5.80760670059e+18
               4.541,    5.80119289435e+18
               4.549,    5.79479689367e+18
               4.556,    5.78900068836e+18
               4.563,    5.78334386485e+18
               4.571,    5.77770274542e+18
               4.578,    5.77207728646e+18
               4.585,    5.76646744451e+18
               4.593,     5.7608731762e+18
                 4.6,     5.7552944383e+18
               4.607,    5.75040012077e+18
               4.614,    5.74553007953e+18
               4.622,    5.74067355816e+18
               4.629,    5.73583051912e+18
               4.636,    5.73100092499e+18
               4.643,    5.72618473843e+18
                4.65,    5.72138907649e+18
               4.657,    5.71725609191e+18
               4.664,    5.71313458103e+18
               4.671,      5.709024512e+18
               4.678,    5.70492585305e+18
               4.685,     5.7008385725e+18
               4.692,    5.69676263878e+18
               4.699,    5.69269802037e+18
               4.706,    5.68921662458e+18
               4.713,    5.68580859944e+18
                4.72,    5.68241003541e+18
               4.727,    5.67902090623e+18
               4.734,    5.67564118571e+18
               4.741,    5.67227084774e+18
               4.748,    5.66890986626e+18
               4.754,     5.6659561665e+18
               4.761,    5.66322939081e+18
               4.768,      5.660510185e+18
               4.775,    5.65779852805e+18
               4.781,    5.65509439902e+18
               4.788,      5.652397777e+18
               4.795,    5.64970864115e+18
               4.802,    5.64717157353e+18
               4.808,    5.64509628082e+18
               4.815,    5.64302674939e+18
               4.822,    5.64096296324e+18
               4.828,    5.63890490643e+18
               4.835,    5.63685256306e+18
               4.841,    5.63480591725e+18
               4.848,     5.6327649532e+18
               4.854,    5.63112736961e+18
               4.861,      5.629680004e+18
               4.867,    5.62823665647e+18
               4.874,    5.62679731586e+18
                4.88,    5.62536197104e+18
               4.887,    5.62393061093e+18
               4.893,    5.62250322446e+18
                 4.9,    5.62107980059e+18
               4.906,    5.62020600774e+18
               4.913,    5.61935760502e+18
               4.919,    5.61851155757e+18
               4.925,    5.61766785886e+18
               4.932,    5.61682650237e+18
               4.938,    5.61598748159e+18
               4.944,    5.61515079004e+18
                4.95,    5.61435436497e+18
               4.957,    5.61407716215e+18
               4.963,    5.61380072888e+18
               4.969,    5.61352506302e+18
               4.975,    5.61325016245e+18
               4.982,    5.61297602504e+18
               4.988,    5.61270264867e+18
               4.994,    5.61243003122e+18
                   5,     5.6121581706e+18
               5.006,    5.61243003122e+18
               5.012,    5.61270264867e+18
               5.018,    5.61297602504e+18
               5.025,    5.61325016245e+18
               5.031,    5.61352506302e+18
               5.037,    5.61380072888e+18
               5.043,    5.61407716215e+18
                5.05,    5.61435436497e+18
               5.056,    5.61515079005e+18
               5.062,    5.61598748159e+18
               5.068,    5.61682650237e+18
               5.075,    5.61766785887e+18
               5.081,    5.61851155758e+18
               5.087,    5.61935760502e+18
               5.094,    5.62020600775e+18
                 5.1,     5.6210798006e+18
               5.107,    5.62250322446e+18
               5.113,    5.62393061094e+18
                5.12,    5.62536197105e+18
               5.126,    5.62679731587e+18
               5.133,    5.62823665648e+18
               5.139,    5.62968000401e+18
               5.146,    5.63112736962e+18
               5.152,    5.63276495321e+18
               5.159,    5.63480591726e+18
               5.165,    5.63685256307e+18
               5.172,    5.63890490645e+18
               5.178,    5.64096296325e+18
               5.185,     5.6430267494e+18
               5.192,    5.64509628083e+18
               5.198,    5.64717157354e+18
               5.205,    5.64970864117e+18
               5.212,    5.65239777702e+18
               5.219,    5.65509439904e+18
               5.225,    5.65779852807e+18
               5.232,    5.66051018501e+18
               5.239,    5.66322939082e+18
               5.246,    5.66595616651e+18
               5.252,    5.66890986627e+18
               5.259,    5.67227084775e+18
               5.266,    5.67564118573e+18
               5.273,    5.67902090625e+18
                5.28,    5.68241003542e+18
               5.287,    5.68580859945e+18
               5.294,     5.6892166246e+18
               5.301,    5.69269802039e+18
               5.308,     5.6967626388e+18
               5.315,    5.70083857252e+18
               5.322,    5.70492585307e+18
               5.329,    5.70902451202e+18
               5.336,    5.71313458105e+18
               5.343,    5.71725609193e+18
                5.35,    5.72138907651e+18
               5.357,    5.72618473845e+18
               5.364,    5.73100092501e+18
               5.371,    5.73583051915e+18
               5.378,    5.74067355819e+18
               5.386,    5.74553007956e+18
               5.393,    5.75040012079e+18
                 5.4,    5.75529443832e+18
               5.407,    5.76087317622e+18
               5.415,    5.76646744453e+18
               5.422,    5.77207728649e+18
               5.429,    5.77770274544e+18
               5.437,    5.78334386488e+18
               5.444,    5.78900068838e+18
               5.451,    5.79479689369e+18
               5.459,    5.80119289438e+18
               5.466,    5.80760670061e+18
               5.474,    5.81403836197e+18
               5.481,    5.82048792816e+18
               5.488,    5.82695544902e+18
               5.496,    5.83344097454e+18
               5.503,    5.84028432289e+18
               5.511,    5.84754306523e+18
               5.519,    5.85482201489e+18
               5.526,     5.8621212281e+18
               5.534,    5.86944076128e+18
               5.541,      5.876780671e+18
               5.549,    5.88414101398e+18
               5.557,    5.89219167672e+18
               5.564,    5.90036336637e+18
               5.572,    5.90855780483e+18
                5.58,    5.91677505544e+18
               5.588,    5.92501518171e+18
               5.595,    5.93327824732e+18
               5.603,    5.94188621029e+18
               5.611,    5.95100105267e+18
               5.619,    5.96014126946e+18
               5.627,    5.96930693132e+18
               5.635,    5.97849810907e+18
               5.642,    5.98771487376e+18
                5.65,    5.99699373661e+18
               5.658,    6.00710777856e+18
               5.666,    6.01724997656e+18
               5.674,    6.02742040899e+18
               5.682,    6.03761915446e+18
                5.69,    6.04784629178e+18
               5.698,        6.0581019e+18
               5.706,    6.06909622156e+18
               5.715,    6.08030297028e+18
               5.723,      6.091540917e+18
               5.731,    6.10281014856e+18
               5.739,    6.11411075205e+18
               5.747,    6.12544281482e+18
               5.755,    6.13742568216e+18
               5.764,    6.14976671199e+18
               5.772,     6.1621420975e+18
                5.78,    6.17455193431e+18
               5.788,    6.18699631834e+18
               5.797,    6.19947534577e+18
               5.805,    6.21260966069e+18
               5.814,    6.22616271009e+18
               5.822,    6.23975348925e+18
                5.83,     6.2533821032e+18
               5.839,    6.26704865727e+18
               5.847,    6.28075325708e+18
               5.856,    6.29522428394e+18
               5.864,    6.31007600224e+18
               5.873,    6.32496906561e+18
               5.881,    6.33990358915e+18
                5.89,    6.35487968828e+18
               5.899,    6.36989747873e+18
               5.907,    6.38591761314e+18
               5.916,    6.40216451673e+18
               5.925,    6.41845664938e+18
               5.933,      6.434794137e+18
               5.942,    6.45117710586e+18
               5.951,    6.46771962772e+18
                5.96,    6.48541982459e+18
               5.968,    6.50316929628e+18
               5.977,    6.52096817998e+18
               5.986,    6.53881661324e+18
               5.995,    6.55671473398e+18
               6.004,    6.57523664774e+18
               6.013,    6.59455419523e+18
               6.022,    6.61392552002e+18
               6.031,    6.63335077182e+18
                6.04,    6.65283010075e+18
               6.049,    6.67236365735e+18
               6.058,     6.6931820614e+18
               6.067,    6.71424886565e+18
               6.076,    6.73537431688e+18
               6.085,    6.75655857836e+18
               6.094,    6.77780181381e+18
               6.104,    6.79968907442e+18
               6.113,    6.82258732125e+18
               6.122,    6.84554931353e+18
               6.131,    6.86857522872e+18
                6.14,    6.89166524478e+18
                6.15,    6.91481954016e+18
               6.159,    6.93966424125e+18
               6.169,    6.96461303982e+18
               6.178,    6.98963129229e+18
               6.187,    7.01471919201e+18
               6.197,    7.03987693287e+18
               6.206,    7.06628554039e+18
               6.216,    7.09338622798e+18
               6.225,    7.12056236003e+18
               6.235,    7.14781414656e+18
               6.244,    7.17514179819e+18
               6.254,    7.20334817708e+18
               6.264,    7.23278155789e+18
               6.273,    7.26229687704e+18
               6.283,    7.29189436264e+18
               6.293,    7.32157424341e+18
               6.302,      7.351848966e+18
               6.312,    7.38381238466e+18
               6.322,    7.41586478492e+18
               6.332,     7.4480064145e+18
               6.342,    7.48023752179e+18
               6.351,    7.51289328734e+18
               6.361,    7.54760136618e+18
               6.371,    7.58240606736e+18
               6.381,    7.61730765988e+18
               6.391,    7.65230641345e+18
               6.401,    7.68770358055e+18
               6.411,    7.72538884988e+18
               6.421,    7.76317902963e+18
               6.431,    7.80107441185e+18
               6.442,    7.83907528942e+18
               6.452,    7.87762737659e+18
               6.462,    7.91854076973e+18
               6.472,    7.95956805992e+18
               6.482,    8.00070956426e+18
               6.493,    8.04196560067e+18
               6.503,    8.08414457823e+18
               6.513,    8.12855576003e+18
               6.524,    8.17309057623e+18
               6.534,    8.21774937102e+18
               6.544,    8.26253248953e+18
               6.555,    8.30887365096e+18
               6.565,    8.35707114526e+18
               6.576,    8.40540281452e+18
               6.586,    8.45386903226e+18
               6.597,    8.50247017305e+18
               6.607,     8.5535763363e+18
               6.618,    8.60586741464e+18
               6.629,    8.65830406388e+18
               6.639,    8.71088668929e+18
                6.65,    8.76361569724e+18
               6.661,    8.82016044679e+18
               6.671,    8.87687073736e+18
               6.682,    8.93373890129e+18
               6.693,    8.99076537809e+18
               6.704,    9.04937810384e+18
               6.715,    9.11068014463e+18
               6.726,    9.17215284158e+18
               6.737,    9.23379666976e+18
               6.748,    9.29561210558e+18
               6.759,    9.36092311689e+18
                6.77,      9.427333059e+18
               6.781,    9.49392787693e+18
               6.792,    9.56070808534e+18
               6.803,    9.62887079571e+18
               6.814,    9.70056266928e+18
               6.825,    9.77245412281e+18
               6.837,     9.8445457119e+18
               6.848,    9.91683799371e+18
               6.859,    9.99320169404e+18
                6.87,    1.00707452754e+19
               6.882,     1.0148504727e+19
               6.893,    1.02264806499e+19
               6.904,    1.03066833688e+19
               6.916,    1.03902416966e+19
               6.927,    1.04740326389e+19
               6.939,    1.05580568432e+19
                6.95,     1.0642507876e+19
               6.962,    1.07324474898e+19
               6.974,    1.08226374826e+19
               6.985,    1.09130785516e+19
               6.997,    1.10037713956e+19
               7.009,    1.10989207514e+19
                7.02,    1.11958772707e+19
               7.032,    1.12931037032e+19
               7.044,    1.13906008002e+19
               7.056,    1.14912600446e+19
               7.068,    1.15953459688e+19
               7.079,    1.16997216534e+19
               7.091,    1.18043879051e+19
               7.103,    1.19110872686e+19
               7.115,    1.20226555523e+19
               7.127,    1.21345344263e+19
               7.139,    1.22467247551e+19
               7.151,    1.23600257406e+19
               7.164,    1.24794132803e+19
               7.176,     1.2599133178e+19
               7.188,    1.27191863588e+19
                 7.2,    1.28396730514e+19
               7.212,     1.2967193704e+19
               7.225,    1.30950693559e+19
               7.237,    1.32233009955e+19
               7.249,    1.33518896137e+19
               7.262,    1.34875048113e+19
               7.274,    1.36238199143e+19
               7.287,    1.37605144991e+19
               7.299,    1.38975896222e+19
               7.312,    1.40417477278e+19
               7.324,    1.41867461578e+19
               7.337,    1.43321482428e+19
                7.35,    1.44779551065e+19
               7.362,      1.463116964e+19
               7.375,    1.47850456722e+19
               7.388,    1.49393500733e+19
               7.401,      1.509437379e+19
               7.413,    1.52568090917e+19
               7.426,    1.54196965901e+19
               7.439,    1.55830375441e+19
               7.452,     1.5747949926e+19
               7.465,    1.59194331493e+19
               7.478,    1.60913937574e+19
               7.491,    1.62638330793e+19
               7.504,    1.64389583608e+19
               7.517,    1.66194662779e+19
                7.53,    1.68004767034e+19
               7.543,    1.69819910361e+19
               7.557,    1.71674998064e+19
                7.57,    1.73569108573e+19
               7.583,    1.75468492017e+19
               7.597,    1.77373163074e+19
                7.61,    1.79331792641e+19
               7.623,     1.8131259069e+19
               7.637,    1.83298902998e+19
                7.65,    1.85291971773e+19
               7.664,    1.87350103086e+19
               7.677,    1.89413963943e+19
               7.691,    1.91483570295e+19
               7.705,    1.93577198032e+19
               7.718,    1.95713105915e+19
               7.732,    1.97854959861e+19
               7.746,    2.00002776423e+19
               7.759,    2.02188867233e+19
               7.773,    2.04395896227e+19
               7.787,    2.06609069276e+19
               7.801,    2.08831172523e+19
               7.815,    2.11094600072e+19
               7.829,    2.13364328682e+19
               7.843,    2.15640375892e+19
               7.857,    2.17936091345e+19
               7.871,    2.20251714046e+19
               7.885,    2.22573783111e+19
               7.899,    2.24902316485e+19
               7.914,    2.27250570875e+19
               7.928,    2.29605974154e+19
               7.942,    2.31967934539e+19
               7.956,    2.34335924212e+19
               7.971,    2.36709836036e+19
               7.985,    2.39090356492e+19
                   8,    2.41477503977e+19
               8.014,    2.43853287429e+19
               8.029,    2.46235255279e+19
               8.043,    2.48623854189e+19
               8.058,    2.50998745161e+19
               8.073,    2.53362691778e+19
               8.087,    2.55733219286e+19
               8.102,    2.58102572456e+19
               8.117,    2.60426620908e+19
               8.132,     2.6275713918e+19
               8.146,    2.65094145282e+19
               8.161,    2.67374404548e+19
               8.176,    2.69640514903e+19
               8.191,    2.71912933786e+19
               8.206,    2.74146353586e+19
               8.221,     2.7632120832e+19
               8.236,     2.7850211754e+19
               8.252,     2.8067535475e+19
               8.267,    2.82729719925e+19
               8.282,     2.8478980416e+19
               8.297,    2.86855623376e+19
               8.313,    2.88788960033e+19
               8.328,    2.90696615011e+19
               8.343,    2.92609580629e+19
               8.359,    2.94414150661e+19
               8.374,    2.96135670849e+19
                8.39,    2.97861983504e+19
               8.405,    2.99512929813e+19
               8.421,    3.01012773645e+19
               8.437,    3.02516792829e+19
               8.452,    3.03985682781e+19
               8.468,    3.05226817517e+19
               8.484,    3.06471407394e+19
                 8.5,    3.07719462033e+19
               8.516,    3.08670473257e+19
               8.531,    3.09617440473e+19
               8.547,    3.10567043912e+19
               8.563,     3.1123119444e+19
               8.579,    3.11841820277e+19
               8.596,    3.12454146009e+19
               8.612,    3.12792605324e+19
               8.628,    3.13028304127e+19
               8.644,    3.13264659082e+19
                8.66,    3.13236344629e+19
               8.677,    3.13059421069e+19
               8.693,    3.12882004979e+19
                8.71,    3.12444358309e+19
               8.726,    3.11818874606e+19
               8.743,    3.11191649646e+19
               8.759,    3.10301695004e+19
               8.776,    3.09194444655e+19
               8.792,    3.08084111878e+19
               8.809,    3.06699824522e+19
               8.826,    3.05081404576e+19
               8.843,    3.03458479179e+19
               8.859,    3.01540481596e+19
               8.876,    2.99386450259e+19
               8.893,    2.97226422406e+19
                8.91,    2.94740013568e+19
               8.927,     2.9203211395e+19
               8.944,    2.89316675924e+19
               8.961,    2.86234181465e+19
               8.979,    2.82961605703e+19
               8.996,    2.79679919556e+19
               9.013,    2.75983329112e+19
                9.03,    2.72143990146e+19
               9.048,    2.68293963007e+19
               9.065,    2.63977795087e+19
               9.083,    2.59579566189e+19
                 9.1,    2.55167814373e+19
               9.118,    2.50243398253e+19
               9.135,    2.45305273261e+19
               9.153,    2.40278537282e+19
               9.171,    2.34846769809e+19
               9.188,     2.2939988107e+19
               9.206,    2.23795407882e+19
               9.224,    2.17900286431e+19
               9.242,    2.11988753802e+19
                9.26,    2.05867274656e+19
               9.278,    1.99566330877e+19
               9.296,    1.93247846168e+19
               9.314,    1.86695913678e+19
               9.332,     1.8006047911e+19
                9.35,    1.73403972913e+19
               9.368,    1.66538176991e+19
               9.387,    1.59653267673e+19
               9.405,    1.52723104025e+19
               9.424,    1.45706392684e+19
               9.442,    1.38670147819e+19
                9.46,    1.31624363215e+19
               9.479,    1.24566658254e+19
               9.498,    1.17489305648e+19
               9.516,    1.10512987264e+19
               9.535,    1.03534692102e+19
               9.554,    9.65903594482e+18
               9.573,    8.98390230649e+18
               9.591,    8.30688919229e+18
                9.61,    7.64976830253e+18
               9.629,    7.00879798546e+18
               9.648,    6.36604329834e+18
               9.667,    5.77000082498e+18
               9.687,    5.17684160212e+18
               9.706,    4.60182854595e+18
               9.725,     4.0714757525e+18
               9.744,    3.53964653243e+18
               9.764,     3.0615279838e+18
               9.783,    2.60527493559e+18
               9.802,    2.15914724209e+18
               9.822,    1.78997508642e+18
               9.842,    1.41977520806e+18
               9.861,    1.10493420416e+18
               9.881,     8.3204978873e+17
               9.901,    5.61396444044e+17
                9.92,    3.93826795029e+17
                9.94,    2.25790655981e+17
                9.96,    1.13824842019e+17
                9.98,     5.6991528933e+16
                  10,                    0
               10.01,                    0
               10.02,                    0
               10.05,                    0
               10.08,                    0
               10.13,                    0
                10.2,                    0
                10.3,                    0
               10.45,                    0
               10.67,                    0
                  11,                    0
               11.33,                    0
               11.55,                    0
                11.7,                    0
                11.8,                    0
               11.87,                    0
               11.92,                    0
               11.95,                    0
               11.98,                    0
               11.99,                    0
                  12,                    0
               12.02,                    0
               12.17,                    0
               13.32,                    0

